00010010010000000000000000000000000000000000000000000
00000010010000011000100000100000000000000000000000000
00000110011100000000010000110110000000000000000000000
00000110011100000000010000110110000000000000000000000
00011010100000000000000000000000000000000000000000000
00000010010000011000100000100000100000000000000000000
00000110011100000000010000110110000010000000000000000
00000110011100000000010000110110000010000000000000000
00000100100100000000100000000001100000000000000001000
00000010010000011000100000100001000000000000000000000
00000101010000000000000000000000000000001000000110000
00000101010000000000000000000000000000001000000110000
00000010010000000100000100110000000000000000000000000
00000010010000011000001000100000000000000000000000000
00000010010000010000010000001010000010000000000000000
00000011100100000000010000000000000000000000000000000
00001010000000000000000000000000011100000000000000000
00001010001000000000000000000000011000000000000000000
00111100001100000110000000000000000000000000000000000
00111100001100000110000000000000000000000000000000000
00000010010000010110000101110000000000000000000000000
00000010010000010110000101001100000010000000000000000
00000010010000000100000100001000000010000000000000000
00000011000100010000100000000000000000000000010001100
00001011000010000000000000000000010000000000000000000
00001011001000000000000000000000011100000000000000000
00000111000000010000100000000000000101000001010001100
00000100101100000000000000000000000000000000001000000
00001011100010010010000001000000010100000000000000000
00001011101000000101000010000000000100000000000000000
00000010010000000101000010000000000100000000000000000
11000000000000000000000000000000000000000000000000000
01000000000000100000000000000000000000000000000000000
00001100001010000000000000000000010100000000000000000
00000010010010000000000000000000010000000000000000000
00000100000001000001000000000000000100000000000000000
00001100100010000000000000000000010000000000000000000
00001100101010000000000000000000010000000000000000000
00000010111000000101000010000000000100000000000000000
00000010010000000101000010000000000100000000000000000
00000000000000000001000000000000000100100000000000000
00000101010000000000000000000000000000001000000000000
00000101011010000000000000000000000100010100000000010
00000101100000010000100000000001100001000001000001100
00000101101100010000100000000000000000000000100001100
00001101101000000000000000000000011100000000000000000
00110011111000000000000000000000000000000000000000000
00000110111100010000100000000000000000000000100001100
00001110000010000000000000000000010000000000000000000
00000010001010000000100000000001100000000000000000000
00000010010000011001000000000000000000000000000000000
00101101110000000000000000000000000000000000000000000
00001110100010000000000000000000010100000000000000000
00000010000010000000100000000001100100000000000000000
00000010010000011001000000000000000100000000000000000
00000011001010000000000000000000000100000010000000000
00000010010000000001000000000000000100100000000000001
00000000000000000000000000000000000000000000000000000
00000000000000000000000000000000000000000000000000000
00000000000000000000000000000000000000000000000000000
00000000000000000000000000000000000000000000000000000
00000000000000000000000000000000000000000000000000000
00000101010000000000000000000000000000001000000010000
00000101010000000000000000000000000000001000000100000
