00001001001000000000000000000000000000000000000000000000000000
00000001001000001100010000010000000000000000000000000000000000
00000010000110000000001000011011000000000000000000000000000011
00000010000110000000001000011011000000000000000000000000001011
10101101010000000000000000000000000000000000000000000000000000
00000001001000001100010000010000010000000000000000000000000000
00000010000110000000001000011011000001000000000000000000000011
00000010000110000000001000011011000001000000000000000000001011
00000010010010000000010000000000110000000000000000001000000000
00000001001000001100010000010000100000000000000000000000000000
00000010001100000000000000000000000000000100000001000000000000
00000010001100000000000000000000000000000100000000000000000000
00000001001000000010000010011000000000000000000000000000000000
00000001001000001100000100010000000000000000000000000000000000
00000001001000001000001000000101000001000000000000000000000000
00000001110010000000001000000000000000000000000000000000000000
00000101000000000000000000000000001110000000000000000000000000
00000101000100000000000000000000001100000000000000000000000000
00011110000110000011000000000000000000000000000000000000100011
00011110000110000011000000000000000000000000000000000000100011
00000001001000001011000010111000000000000000000000000000000000
00000001001000001011000010100110000001000000000000000000000000
00000001001000000010000010000100000001000000000000000000000000
00000001100010001000010000000000000000000000001000001100000000
00000101100001000000000000000000001000000000000000000000000000
00000101100100000000000000000000001110000000000000000000000000
00000010001000001000010000000000000010100000101000001100000000
00000010010110000000000000000000000000000000000010000000000000
00000101110001001001000000100000001010000000000000000000000000
00000101110100000010100001000000000010000000000000000000000000
00000001001000000010100001000000000010000000000000000000000000
00001111110000000000000000000000000000000000000000000000000000
00100000000000010000000000000000000000000000000000000000000000
00010110111000000000000000000000000000000000000000000000000000
00000001001000000000100000000000000010010000000000000001000000
00000010101101000000000000000000000010001010000000000010000000
00000110010001000000000000000000001000000000000000000000000000
00000110010101000000000000000000001000000000000000000000000000
00000001011100000010100001000000000010000000000000000000000000
00000001001000000010100001000000000010000000000000000000000000
00000110100001000000000000000000001010000000000000000000010000
00000010001100000000000000000000000000000100000000000000000000
00000010000000100000100000000000000010000000000000000000000000
00000010110000001000010000000000110000100000100000001100000000
00000010110110001000010000000000000000000000010000001100000000
00000110110100000000000000000000001110000000000000000000000000
00000011100010000000000000000000000000000000000110000000000000
00000011011110001000010000000000000000000000010000001100000000
00000111000001000000000000000000001000000000000000000000000000
00000001000101000000010000000000110000000000000000000000000000
00000001001000001100100000000000000000000000000000000000000000
01100000000000000000000000000000000000000000000000000000000000
00000111010001000000000000000000001010000000000000000000000000
00000001000001000000010000000000110010000000000000000000000000
00000001001000001100100000000000000010000000000000000000000000
00000001100101000000000000000000000010000001000000000000000000
00000111100001000000000000000000001000000000000000000000000000
00000111100100000000000000000000001110000000000000000000000000
00011001111100000000000000000000000000000000000000000000000000
00000011001110000000000000000000000000000000000100000000000000
00000011100101000000000000000000000000000000000000000000000100
00000010001100000000000000000000000000000100000000010000000000
00000010001100000000000000000000000000000100000000100000000000
00000010001100000000000000000000000000000100000000110000000000
